 2.19061591e-01 1.96811522e-01 -5.43286662e-02 8.92422285e-02 3.89331892e-02 -1.73168142e-01 6.82394039e-03 1.08322271e-01 3.48038970e-03
 -3.53690413e-02 9.90413507e-03 -1.24859380e-01 -2.82770895e-01 -1.43964653e-01 -5.74401664e-02 6.11887320e-02 -3.76590018e-02 -7.76669702e-02
 -3.05194142e-01 -2.97245399e-01 -2.60743277e-01 -4.53125479e-01 -1.46823284e-01 1.08255250e-02 -5.03099087e-02 -1.39137616e-01 -8.36289086e-02
 -3.64606292e-01 -3.23562472e-01 -2.37268092e-01 -3.77576170e-01 -6.09552403e-02 1.10760229e-01 -2.25133887e-01 -1.10122913e-01 -1.18044534e-01
 -2.64420363e-01 -2.67508309e-01 -2.92359001e-01 -2.61051553e-01 -1.22655849e-01 4.39996408e-02 -1.05317702e-01 -1.49201715e-02 -1.25676263e-01
 -3.84397841e-01 -3.46429442e-01 -4.68760015e-01 -4.57922123e-01 -3.48094924e-01 -2.25702416e-01 -1.36876661e-01 -2.62559369e-01 -2.62229306e-01
 -2.19633897e-01 -2.18394472e-01 -4.50901555e-01 -3.90838500e-01 -1.83952757e-01 -2.23640631e-01 -2.06061614e-01 -4.34899306e-01 -2.37709153e-01
 1.15781768e-01 1.24569951e-01 -2.55850294e-01 -1.31073781e-01 1.01375732e-01 -4.87497439e-02 -6.59701215e-02 -8.09516038e-03 9.15534599e-02
 2.46212859e-01 3.13533359e-01 -1.42291020e-01 8.20169042e-02 1.38734332e-01 1.33305934e-02 9.45315029e-02 6.61394437e-02 2.38495068e-01
 -1.71050378e-01 -9.64473313e-02 -2.45185941e-01 -3.12175276e-01 -3.83194987e-01 -2.80308784e-01 -8.07384281e-02 -3.42184500e-01 -1.01447484e-01
 -4.53569822e-01 -2.79065994e-02 -2.80841005e-01 -2.88868618e-01 -2.91140516e-01 -1.64013818e-01 -2.21400326e-01 -4.15085481e-01 -2.22053462e-01
 -4.12505404e-01 -1.02749625e-02 -2.26393422e-01 -2.73446497e-01 -9.36876585e-02 -2.29197141e-01 -1.58520942e-01 -1.16219475e-01 -3.14396266e-01
 -1.34729932e-01 -2.29055695e-01 -1.45223098e-01 -5.22284061e-02 -1.45197574e-01 -1.35891074e-01 5.39186597e-02 8.52024059e-02 -1.81362112e-01
 2.95558657e-02 -4.44751228e-02 5.15787495e-02 2.26384608e-01 -1.10708516e-01 -6.18317679e-02 -4.29257554e-02 1.57867752e-02 -1.43057779e-01
 2.20346026e-01 1.95618026e-01 2.75585831e-01 5.54117683e-01 2.65496077e-01 3.86596184e-02 2.18204090e-02 8.85756873e-02 2.12438493e-03
 3.70306154e-01 2.17572323e-01 3.29588035e-01 6.69792261e-01 4.62316108e-01 -6.91304857e-02 1.33806487e-01 1.93270686e-01 1.63903599e-01
 4.52838133e-01 1.43435201e-01 5.40648197e-01 5.04381777e-01 6.28138538e-01 1.02358457e-01 2.97025314e-01 5.60364390e-01 2.46384550e-01
 8.93805346e-02 2.72804077e-01 9.18911059e-01 4.33299505e-01 4.96717879e-01 1.42377698e-01 7.33228041e-02 5.26340196e-01 1.05539360e-01
 1.04062470e-01 2.48563084e-01 8.04547628e-01 3.98447941e-01 1.88825843e-01 -2.68020458e-02 -8.67017541e-02 2.22341423e-01 -7.16041720e-02
 1.23947774e-01 -1.11814535e-03 3.23686764e-01 2.75313844e-01 3.47979937e-02 -1.48375181e-01 -1.76276097e-01 -2.45961929e-01 -7.92022814e-02
 2.79495663e-01 7.52555265e-02 1.06261394e-01 9.53919942e-02 7.10436914e-02 -1.26767677e-01 -1.61996837e-02 6.60049608e-02 -5.17459864e-02
 4.21861687e-01 4.58227117e-01 2.18391744e-01 4.09403025e-01 1.30736711e-01 1.65088256e-01 1.97567406e-01 4.15817602e-01 1.35248192e-01
 4.07901660e-01 4.34457504e-01 1.56075798e-01 2.85210717e-01 1.45475376e-02 1.13636419e-01 2.21835550e-01 2.88316531e-01 1.53279694e-01
 4.55313249e-01 2.27992841e-01 -1.70962186e-02 2.29611283e-01 1.14523254e-01 1.86252476e-01 9.27373196e-02 1.10462792e-01 1.77317960e-01
 4.45525292e-01 2.30249450e-01 1.08822323e-01 2.93858554e-01 3.13590910e-01 3.36133915e-01 2.74872854e-01 4.32325387e-01 1.91203001e-01
 2.48041069e-01 2.93705290e-01 4.24094986e-01 4.89748978e-01 2.55719995e-01 4.22069101e-01 3.82264578e-01 5.50872133e-01 2.34314987e-01
 1.08168912e-01 2.55744115e-01 4.88446066e-01 2.56534940e-01 1.77007606e-02 2.05787886e-01 2.27435891e-01 2.80740657e-01 9.73248852e-02
 -1.04156629e-01 8.72105386e-02 6.66041051e-02 -3.02401744e-02 -1.20311859e-02 9.94925760e-02 -1.69223816e-01 -5.81788629e-02 1.09103993e-02
 -1.27276458e-01 2.51688401e-02 -4.63551449e-02 -6.10497203e-02 6.36898081e-02 1.32893488e-01 -1.39832396e-01 5.73083948e-02 6.23265141e-02
 -3.68731485e-01 -1.03287363e-01 -7.71295969e-02 -2.81547881e-01 -1.59676214e-01 1.14450824e-01 -3.58090130e-01 -1.18617755e-01 -5.22951123e-02
 -4.35409599e-01 -2.43307433e-01 -2.71747850e-01 -4.44972052e-01 -4.74071090e-01 -1.56756335e-01 -4.80146451e-01 -5.27300319e-01 -2.53667424e-01
 -2.63604700e-01 -1.94765270e-01 -2.93076556e-01 -1.47736264e-01 -2.09527687e-01 -1.78796814e-01 -2.91601637e-01 -2.56821429e-01 -1.71029580e-01
 -7.85991852e-02 -2.15526071e-01 -1.04526591e-01 3.93762151e-02 -5.63617910e-02 -8.56763079e-02 4.23653637e-02 2.18889693e-01 -7.92471080e-02
 -1.90532538e-01 9.91154038e-02 1.78709712e-01 2.71037632e-01 -1.29529656e-01 1.37635682e-02 9.57345391e-02 2.47489740e-01 -7.27920770e-02
 -4.74870817e-01 1.28381113e-01 1.17383497e-01 -1.74885441e-01 -3.15471613e-01 -1.24932600e-02 3.14135857e-02 -1.54894538e-01 -1.37319974e-01
 -3.05662914e-01 -5.17564473e-02 -6.52095227e-02 -3.87169458e-01 -1.11417718e-01 -1.30633523e-01 5.61795381e-02 -2.83807680e-01 -6.50370745e-02
 5.84697161e-02 -4.08344606e-02 -2.35430904e-01 -6.55948222e-02 2.02211568e-02 5.41951662e-02 2.73763157e-01 9.45601798e-02 6.64057351e-02
 1.05243775e-01 1.74807078e-01 -1.10013413e-01 5.28781341e-01 -2.24049969e-01 -7.66147642e-02 2.45564403e-01 7.36929044e-02 -7.82945427e-02
 1.41613968e-02 -3.98654589e-03 -1.00010943e-01 -5.88899295e-02 -3.87995741e-01 -2.28877564e-01 -2.46124794e-01 -5.07363218e-01 -1.39628544e-01
 3.18809743e-02 -1.79219743e-01 -1.09852582e-01 -1.35818382e-01 -1.33490279e-01 -1.51808052e-01 -5.56820876e-02 -4.24835497e-01 -1.10289531e-01
 1.06640716e-01 -1.51979967e-01 6.51937382e-02 1.32394675e-01 2.22649342e-01 5.32055984e-03 4.58470699e-01 8.71860299e-02 1.26607864e-01
 2.40071947e-01 7.31655695e-03 2.34159398e-01 2.32083333e-01 4.24259216e-01 2.76599882e-01 8.17131055e-01 3.59144233e-01 2.80788969e-01
 5.73809408e-01 3.38085263e-01 6.84988109e-01 2.74420437e-01 1.01988012e+00 4.82592791e-01 9.12336852e-01 7.55375915e-01 4.34163194e-01
 6.83614536e-01 3.03764750e-01 7.98442225e-01 2.15238699e-01 1.10669740e+00 3.37257588e-01 5.60479873e-01 9.52180547e-01 4.98769537e-01
 -5.70450536e-02 -3.89585832e-01 -4.80933602e-02 -6.97398686e-01 3.72236493e-01 4.77727068e-02 -2.44838790e-01 1.84271533e-01 2.30504726e-01
 -1.78088462e-02 -2.99923241e-01 -2.24240756e-01 -7.93158085e-01 -3.04268050e-02 -9.40265360e-02 -2.95718925e-01 -9.19677113e-02 4.82733738e-02
 1.07672014e-01 3.00732032e-02 1.30040857e-03 2.96614934e-02 -1.22764957e-01 -5.96565850e-02 -9.01864107e-02 -8.75633937e-02 2.00774398e-02
 -2.05973884e-01 -3.62576732e-01 -5.18933197e-01 -4.87699479e-01 -3.46872913e-01 -2.10775095e-01 -4.39730656e-01 -6.03552168e-01 -1.92467903e-01
 -2.83274369e-01 -5.29274932e-01 -7.44245487e-01 -2.48214242e-01 -3.15493435e-01 -3.72676738e-01 -3.64291989e-01 -5.02062347e-01 -1.92288597e-01
 -4.95262394e-01 -5.01714217e-01 -9.49837384e-01 -3.80429869e-01 -8.33887653e-01 -1.37293088e-01 -5.38275916e-01 -6.66568651e-01 -2.03461628e-01
 -4.53213555e-01 -4.97913084e-01 -9.61225478e-01 -5.71913973e-01 -6.42904903e-01 -2.17238790e-01 -6.04951087e-01 -8.11709405e-01 -3.39275031e-01
 -2.80780502e-01 -3.46469559e-01 -6.10922519e-01 -2.55942650e-01 -2.89383876e-01 -2.72010100e-01 -2.16795601e-01 -4.58590724e-01 -2.50439909e-01
 -3.84819736e-01 -4.54425725e-01 -7.00313797e-01 -3.69778371e-01 -5.76752686e-01 -2.19455208e-01 -3.61637013e-01 -6.27826346e-01 -2.33103220e-01
 -4.53335436e-01 -4.27366478e-01 -7.79362384e-01 -4.31067856e-01 -5.66496529e-01 -2.18145975e-01 -6.09773602e-01 -8.52827576e-01 -1.58881570e-01
 -1.59368582e-01 -1.60705521e-01 -5.18679579e-01 -9.18939616e-02 -1.67401064e-01 -1.53478098e-01 -3.13411854e-01 -3.58412112e-01 4.79371742e-02
 -2.18555721e-01 -1.95106269e-01 -3.21116876e-01 -3.96860065e-02 -3.33376246e-01 -4.47601905e-02 -9.03108628e-02 -2.66941273e-01 1.43978173e-01
 -2.34868983e-01 -2.43167022e-01 -2.99540737e-01 -3.04793822e-01 -3.50080690e-01 -1.51818361e-01 -2.70901118e-01 -5.59385717e-01 -8.05582862e-02
 2.28080762e-01 5.33918791e-01 7.80138385e-01 5.53397752e-01 4.58988312e-01 -8.37073035e-02 8.63487824e-02 4.56532323e-01 -2.70264474e-01
 -4.63067140e-01 -7.71909360e-02 -3.39767121e-01 -5.72703294e-01 -4.53766080e-01 -8.35629786e-02 -3.30866250e-01 -2.79582673e-01 -1.71231299e-01
 -7.35645751e-02 8.48335773e-02 -2.27024375e-01 -5.25491481e-01 8.25764134e-02 -8.73051178e-02 -6.36470170e-02 1.26645577e-01 -1.60159128e-01
 9.63371095e-02 1.42642881e-01 -5.74772483e-02 -4.50464511e-02 -2.20036627e-02 4.70510822e-02 5.98819858e-02 3.49282148e-01 3.97348235e-03
 -7.83554238e-02 1.02756066e-01 -4.04662447e-02 -1.08218164e-01 -1.77733598e-01 -2.88534327e-03 -1.49332234e-01 3.61497395e-02 7.53719737e-03
 3.86000637e-01 4.05332206e-01 3.35786227e-01 2.74489828e-01 3.90697577e-01 1.54830877e-01 9.32558697e-02 5.29231580e-01 1.81789414e-01
 4.82689528e-01 4.74595053e-01 7.15038820e-01 5.40699223e-01 5.16379152e-01 3.32092817e-01 2.78471591e-01 4.58605603e-01 3.45496172e-01
 3.03337402e-01 2.10942908e-01 7.12428404e-01 1.57054455e-01 3.35652560e-01 1.82046435e-01 2.70817792e-01 6.74170320e-02 3.99232063e-01
 3.38092150e-01 2.96834454e-01 8.17445062e-01 1.51008776e-01 5.27650014e-01 2.40065057e-01 4.14279860e-01 1.58809423e-01 2.06163880e-01
 4.31096493e-01 2.10130528e-01 8.11846896e-01 4.06462587e-01 4.69888207e-01 4.25419501e-01 5.91935122e-01 5.91317888e-01 1.69663817e-01
 5.04290536e-01 5.54749798e-01 1.16250245e+00 1.23014955e+00 4.32464142e-01 4.61686294e-01 8.40248019e-01 8.51217451e-01 6.90056781e-02
 1.72156275e-01 5.82952394e-01 6.42219353e-01 4.98596313e-01 1.53987639e-01 1.28666830e-01 2.97087540e-01 8.57515448e-02 9.15422533e-02
 -2.11746284e-02 1.83592809e-01 4.77422936e-01 -9.75666652e-02 1.43545998e-01 4.46387941e-02 -1.28424294e-01 5.06178666e-02 -5.45131115e-03
 -7.34801962e-02 -5.30702951e-02 3.89287379e-01 -3.13591022e-02 2.33852905e-02 2.56786131e-01 9.61286372e-02 3.96620156e-01 -2.32026463e-02
 1.50808403e-01 5.11452997e-01 5.59502575e-01 9.55387731e-01 6.85451168e-02 3.40814166e-01 1.48865181e-01 4.38085741e-01 6.69772743e-02
 9.89434812e-02 2.74729717e-01 1.75870421e-01 9.10864815e-01 2.24722395e-01 1.81551696e-02 -3.31459007e-02 1.70117200e-01 5.41914033e-03
 -4.40131950e-02 -9.94059962e-02 -4.80216153e-01 4.39293142e-01 8.06670224e-02 -1.19953479e-01 -1.69980899e-01 2.39992314e-01 -1.36412235e-01
 1.84916246e-01 8.10224157e-02 -1.45105567e-01 8.54094410e-01 3.50622186e-01 -1.11427999e-01 4.44438734e-01 7.69283697e-01 -7.91462482e-02
 3.57958703e-01 1.77404686e-01 -7.03189030e-03 6.61005643e-01 -1.93196044e-02 -2.88535216e-02 5.32457426e-01 7.56216434e-01 -1.69269218e-02
 3.66546604e-01 -1.29443967e-01 1.02018028e-02 -3.17320781e-02 4.27737929e-02 -1.09211580e-01 1.44540474e-01 2.48117327e-01 -4.03152024e-02
 2.52250641e-01 3.38115351e-01 2.76853924e-01 7.10878423e-02 1.46415540e-01 -1.10098148e-01 -1.45372836e-04 9.66222522e-02 -9.08226607e-03
 -2.33237657e-01 -5.75935421e-02 -1.03035809e-01 -2.81114188e-01 -1.33773960e-01 -1.79807088e-01 -3.57498983e-01 -4.68901086e-01 5.63197492e-02
 -1.16457203e-01 -1.93260864e-01 -3.50845817e-02 -4.87231091e-01 1.76005646e-01 -1.92270577e-01 -2.13953947e-01 -3.42341396e-01 1.50825437e-01
 2.88055438e-01 6.88066400e-02 2.79742702e-01 -1.51127742e-01 4.72190387e-01 -5.49350980e-02 2.18558314e-01 2.10596576e-01 2.38976954e-01
 2.17458391e-01 -5.29198545e-02 4.73204207e-01 1.25134656e-01 5.02522428e-01 1.17852769e-01 4.62556874e-01 5.02346191e-01 1.73552525e-01
 -2.83161864e-01 -2.13460021e-01 4.88446173e-02 -3.90500219e-01 5.93800398e-02 -4.09665067e-02 1.21164236e-01 1.47109114e-02 -1.15747170e-01
 -5.09597438e-01 -9.77310910e-02 -2.40169242e-01 -4.73283526e-01 -2.60077451e-01 3.92781539e-02 -2.88894806e-01 -3.97412176e-01 -1.13169641e-01
 -6.25974748e-01 -3.50932630e-01 -4.17584731e-01 -6.63995656e-01 -7.76376794e-01 3.92884628e-02 -5.80506635e-01 -8.16786138e-01 -2.59080237e-01
 -9.06653737e-02 -1.91475636e-01 -3.50004653e-01 -3.08376126e-01 -6.36031096e-01 -3.82037152e-02 -5.39821195e-01 -7.50071373e-01 -1.81227632e-01
 1.59799448e-01 -8.94769174e-02 -1.30748280e-01 5.30028470e-02 -3.23229197e-01 5.65146740e-02 1.13178564e-01 -3.13012900e-01 7.09780487e-02
 1.58093119e-01 -6.44235448e-02 -1.90416695e-01 3.71931956e-01 -2.56596904e-01 7.16378647e-02 3.56347444e-01 -2.48719119e-02 5.11534831e-02
 -9.15935421e-02 -3.86988224e-01 -5.05918233e-01 -4.20366221e-02 -2.99050850e-01 -2.35134992e-02 -4.96788869e-03 -3.18997393e-01 -6.55189605e-02
 -1.03284713e-01 -9.31075502e-02 -1.29888451e-01 3.35213605e-02 2.41708686e-02 -1.35406555e-01 -5.87104202e-02 -4.39909087e-02 -7.31843098e-02
 -4.05248815e-01 -2.94948673e-01 -5.97505477e-01 -6.01266311e-01 -6.09626945e-01 -2.67773133e-01 -5.17513170e-01 -4.59364002e-01 -1.93274782e-01
 -4.17530639e-01 -3.69346558e-01 -7.11596732e-01 -8.46658446e-01 -4.75609514e-01 -3.39729419e-01 -5.89964989e-01 -5.71825392e-01 -1.93084269e-01
 -3.66253500e-02 -2.46470533e-02 -3.81570890e-01 -2.53912967e-01 -4.48399798e-02 -1.47158728e-01 -1.93025265e-01 -6.71556018e-02 -4.68374733e-02
 -1.31954802e-01 -1.54667839e-01 -5.51458236e-01 -5.01291416e-01 -1.91404838e-01 -1.47035021e-01 -2.29002270e-01 -2.45513652e-01 -1.71914905e-01
 -3.08813061e-01 -3.23010857e-01 -6.37688560e-01 -6.78524370e-01 -1.73883917e-02 -8.59649578e-02 -2.90813441e-01 -4.18772556e-01 -2.02957328e-01
 -1.27698353e-01 -6.50654246e-02 -2.61974255e-01 -2.33867680e-01 2.52970472e-01 7.86066970e-02 8.99786331e-02 9.47058697e-02 2.83703616e-02
 3.89500545e-02 2.15616595e-01 1.28666432e-01 5.80423589e-02 3.64969896e-01 2.06138390e-01 2.08778459e-01 1.99221558e-01 2.01266573e-01
 -8.43463286e-02 1.05343644e-01 -8.60619203e-02 -3.61208599e-01 7.27675988e-02 1.36336669e-01 1.35434734e-01 -6.72340502e-02 9.03431416e-02
 -2.11805406e-01 -1.89740555e-01 -3.76820180e-01 -5.41763640e-01 -1.56730296e-01 -7.65941463e-02 -6.86562109e-02 -3.23659469e-01 -7.52575403e-02
 -1.88554320e-01 -2.48322120e-01 -2.16520854e-01 -8.43216830e-02 -1.96991170e-01 -9.81810321e-02 2.95053214e-02 -7.17952645e-02 3.12168509e-02
 4.50534645e-02 -1.64115508e-01 1.69356753e-01 3.56978223e-01 -1.45077555e-01 8.18540079e-02 1.02257899e-01 1.29133512e-01 2.05995780e-01
 3.05868770e-01 1.24018336e-01 2.89466810e-01 5.42885036e-01 -5.26648619e-03 -5.65835482e-04 1.15066087e-01 8.25911948e-02 1.96492540e-01
 3.63827727e-01 4.67319910e-02 2.18694849e-01 2.49283594e-01 1.08249540e-01 -1.51643109e-01 1.58052280e-02 -3.42745135e-02 1.03611816e-01
 2.41965786e-01 -1.41288656e-01 -1.08485516e-01 -1.23657632e-01 -5.62654279e-03 -1.98559020e-01 -1.13365600e-01 -1.16510855e-01 1.94833956e-01
 2.93496061e-02 -1.96761115e-01 -2.44895208e-01 -1.78693265e-01 4.59161051e-02 3.54638522e-02 2.35108823e-02 -6.04429496e-03 1.52719361e-01
 -2.25246915e-02 -6.11138519e-02 4.10875996e-02 1.20615575e-01 1.54009461e-01 1.72180796e-01 1.42466273e-01 1.22700743e-01 1.58076140e-01
 -4.68727036e-02 8.78223303e-02 3.40270946e-01 1.30772664e-01 1.92851930e-01 2.05458001e-01 4.68663785e-02 3.36169768e-02 1.33006862e-01
 1.75015784e-01 1.66542875e-01 6.44712238e-01 4.06514630e-01 3.45046764e-01 2.72909287e-01 2.93497564e-02 3.89402613e-02 6.37161389e-02
 7.37516797e-02 2.36688307e-01 4.95052521e-01 3.15708004e-01 1.02674118e-01 7.39986082e-02 -1.09953540e-01 1.48510268e-01 -1.38787127e-02
 -1.61759319e-01 6.90774330e-02 2.28159153e-01 8.70911115e-02 -1.85523913e-01 -6.73057174e-03 -1.94715738e-01 1.73781861e-01 -2.58105258e-01
 -6.32234672e-02 2.94678139e-01 -4.87564907e-01 -2.08080298e-01 -3.46611054e-01 -1.66560122e-01 -1.74979722e-01 -1.57763508e-01 -2.21089690e-01
 4.32627559e-02 2.51672189e-01 -2.66780530e-02 -2.88721162e-01 -5.94495491e-02 -5.08733822e-02 -2.07214405e-02 5.30945948e-02 -1.42037974e-01
 -2.34247335e-02 1.60615516e-01 3.96091781e-01 -2.36391773e-01 4.54471238e-01 2.78610122e-01 4.84635127e-02 2.75742373e-01 -8.60943718e-02
 3.28313568e-01 4.29041643e-01 1.12153995e+00 4.55695409e-01 1.19375472e+00 3.93420603e-01 6.49514924e-01 1.01672117e+00 1.43283361e-01
 -2.53466983e-02 -9.26261404e-02 5.07733451e-01 1.92355153e-02 4.37854081e-01 2.23230585e-01 2.42121230e-01 3.49976977e-01 4.06192311e-02
 -1.23301273e-01 -3.00514974e-01 9.34815975e-03 -1.85242028e-01 7.85721476e-02 -1.36973511e-01 -2.03728139e-01 -1.35327265e-01 -2.18859566e-01
 5.61821092e-02 1.97052227e-01 2.54764363e-01 4.06393196e-01 5.60304223e-02 -2.24826157e-01 3.01794365e-02 4.90376916e-02 -1.77630297e-01
 -1.15641540e-01 1.57937674e-01 7.81963308e-02 2.34598752e-01 -2.58604492e-01 -1.10232164e-01 4.80486727e-02 -1.74136811e-01 -6.64154926e-02
 -3.15344872e-02 -1.38620843e-01 -2.00654120e-02 2.12263566e-01 -1.43288183e-01 -6.65120191e-02 -7.30431447e-02 -1.92493738e-01 -8.85822483e-02
 7.63299251e-02 -1.69220458e-01 -1.94839556e-01 2.52996006e-01 -2.35615424e-01 -1.92373666e-01 1.70882818e-01 1.06114509e-01 -5.37968036e-02
 1.80669173e-01 2.01846267e-01 -7.52119929e-02 8.36649373e-02 -3.66163218e-01 -1.02222130e-01 -1.32251194e-01 7.19894533e-02 -1.20252244e-01
 5.37948358e-01 1.31831217e-01 3.23055810e-01 6.58854526e-01 2.29270367e-02 1.96076880e-01 9.02259278e-03 4.75807927e-02 1.02098919e-01
 6.26986891e-01 2.40218646e-01 2.94353608e-01 9.10743381e-01 2.93798708e-01 2.59394288e-01 6.56878335e-01 8.72174382e-01 1.79895490e-01
 -1.61187417e-01 4.36172527e-01 -4.36253534e-01 6.95510252e-01 -5.17801601e-01 1.10421013e-03 4.32987538e-02 3.08936965e-02 -1.16945268e-04
 -7.19895015e-02 4.41317595e-01 -2.63260906e-01 5.28573169e-01 -4.59876132e-01 -1.13345459e-01 4.87331588e-02 7.89710714e-03 -1.25351270e-01
 4.54544463e-01 5.24691769e-01 3.18620577e-01 6.94217847e-01 -2.86919868e-02 1.52923727e-01 5.33660462e-01 6.91765466e-01 1.73843898e-01
 6.17939594e-01 4.18540890e-01 4.48151638e-01 8.67781759e-01 2.10374685e-01 1.44965238e-01 5.98551821e-01 6.94724092e-01 1.73810278e-01
 1.95276105e-01 2.68236865e-02 1.62991545e-01 6.85630727e-01 8.55550635e-02 -1.63333429e-01 -5.60347017e-02 2.71562193e-01 1.04956615e-01
 -3.37033129e-01 -1.27367887e-01 -1.23411898e-01 -5.01716435e-01 -1.58279630e-01 -1.70291863e-02 -4.90175209e-01 -3.15299111e-01 -1.34752733e-02
 -3.11594697e-02 -4.24692483e-02 3.83571682e-01 -2.69369783e-01 3.51505961e-01 2.06633218e-01 1.19472153e-02 4.05092294e-02 3.67753498e-02
 2.29487078e-01 5.93288829e-02 4.40685354e-01 3.27374344e-01 6.91563054e-01 2.61950902e-01 4.43017906e-01 3.72895118e-01 2.85294043e-01
 -2.46869544e-01 -1.98415962e-01 1.35569807e-01 -3.76500612e-01 2.65965242e-01 8.76373140e-02 1.63903134e-01 -1.57023852e-01 1.59521798e-01
 -1.87579275e-01 1.39503687e-01 3.14933829e-01 -3.94533564e-01 2.43630822e-01 2.29488190e-02 1.80154494e-01 -2.47205896e-01 1.55162411e-01
 1.38967225e-01 1.77705567e-01 3.35866642e-01 -2.36556576e-01 4.57602640e-01 3.73813119e-02 1.87538647e-01 -4.96952284e-02 3.00635948e-01
 4.73035696e-02 -1.69782103e-01 -5.66236053e-02 -7.71135158e-01 1.68933609e-02 -7.39034284e-03 9.71035113e-02 -9.43099565e-02 4.49012007e-01
 -3.77825659e-01 -2.91789420e-01 -3.95532284e-01 -1.18226738e+00 -3.75928390e-01 -7.88517117e-03 -2.33783302e-01 -4.92771815e-01 4.00464795e-01
 -7.67431354e-01 -4.70783632e-01 -6.79282011e-01 -1.24746011e+00 -3.15024270e-01 -1.32128317e-01 -7.04854947e-01 -8.62398281e-01 -6.57318869e-02
 -5.28760833e-01 -5.51319493e-01 -6.67269149e-01 -8.68664025e-01 -2.38168552e-01 -2.88978588e-01 -5.77654610e-01 -4.83033006e-01 -2.35277310e-01
 -5.00175123e-01 -6.91469945e-01 -8.35962633e-01 -6.50421068e-01 -6.02065756e-01 -2.66422664e-01 -7.45623355e-01 -6.18972883e-01 -3.09936019e-01
 -5.03550281e-01 -7.27706068e-01 -9.60996602e-01 -9.90254175e-01 -6.45425300e-01 -3.17719867e-01 -8.68063403e-01 -1.02627700e+00 -4.37624600e-01
 -1.89866882e-01 -5.21772962e-01 -8.56190263e-01 -6.51193041e-01 -2.60775743e-01 -3.15781789e-01 -5.03947900e-01 -5.98654746e-01 -4.25812790e-01
 -3.07753637e-01 -6.86866463e-01 -7.35220376e-01 -5.66388725e-01 -3.77543189e-01 -2.73164700e-01 -3.84328765e-01 -5.06668389e-01 -3.65565835e-01
 -2.41091405e-02 -3.39820085e-01 -9.82294272e-02 -1.22599421e-01 -1.79228378e-01 -6.18214589e-02 -2.32196539e-01 -2.44404167e-01 -2.19845752e-01
 2.60472900e-01 -6.84653819e-02 -4.22353891e-02 1.08610955e-01 2.82405992e-02 -8.97895684e-02 9.73005604e-02 1.64591901e-02 5.41914033e-03
 -1.73394237e-01 -1.25833393e-01 -5.69576502e-01 1.52847634e-01 -3.22367243e-01 8.18644057e-03 -4.12145401e-02 -1.19850515e-01 -4.79245185e-02
 -1.12322635e-01 -2.12206349e-01 -8.56313979e-01 -2.51770524e-01 -2.56182293e-01 -6.14915734e-02 -1.59578784e-01 -3.88345782e-01 -1.58713470e-01
 3.49214854e-03 -2.37741132e-01 -6.76999443e-01 -3.58025293e-01 -3.71042183e-02 -1.54374974e-01 4.85345005e-03 -1.02356521e-01 -1.08541294e-01
 6.04291826e-02 1.70450483e-02 -3.29313086e-01 6.01414327e-02 -1.26180039e-01 7.08543865e-02 8.45649701e-02 3.32439604e-04 5.43249653e-02
 3.89406790e-02 4.92694223e-02 -7.89729711e-02 1.03363270e-01 -1.17680521e-01 1.90303883e-01 5.98388925e-03 -1.91059253e-01 2.06847485e-01
 2.21424201e-01 -6.34707544e-02 2.76668350e-01 1.05679191e-01 2.33407396e-01 1.49666107e-01 4.21475726e-02 5.12899917e-03 4.34769271e-02
 -2.59251062e-03 3.84076118e-02 3.65719407e-01 7.03418905e-02 1.99911222e-01 9.23484920e-02 3.47945323e-02 1.13197279e-01 -1.59295298e-02
 -2.03892537e-01 7.51251447e-02 4.05636500e-01 -1.73332820e-01 -8.41516140e-02 8.65651860e-02 -1.37218904e-01 -8.63418400e-02 -1.82236231e-01
 -2.34812731e-01 1.11477773e-02 2.76996198e-01 2.76404844e-02 -1.40920538e-01 6.96688603e-02 -1.30332559e-01 -2.75256804e-01 -7.96617541e-02
 1.96035516e-01 1.26876707e-01 3.10783144e-01 4.23298546e-01 2.75774056e-01 5.19272030e-02 2.06590178e-01 3.13913125e-01 -9.83208280e-02
 2.98771563e-01 3.70429990e-01 2.36380107e-01 5.66052912e-01 3.36492692e-01 -5.03893071e-05 5.32457426e-01 6.18786037e-01 -1.19175488e-02
 1.02937418e-01 3.61493819e-01 4.60857418e-02 4.29500355e-01 -1.75355042e-01 3.91338289e-02 5.57887123e-01 2.93729471e-01 7.69848136e-02
 -4.82977701e-02 1.99689952e-01 -6.85498653e-02 3.32144966e-01 2.90807313e-02 1.43635386e-01 4.42302307e-01 -7.54599257e-02 1.54938278e-01
 -1.99276952e-02 1.72249588e-01 2.36776000e-01 2.29628631e-01 3.23094222e-01 1.54202033e-01 2.13756540e-01 1.17489528e-01 1.85554849e-01
 3.51574029e-01 4.05984115e-01 9.44749228e-01 6.89768158e-01 5.89405177e-01 4.26058655e-01 6.05241117e-01 9.40110700e-01 3.77334267e-01
 2.78961263e-01 6.58413393e-01 1.37340796e+00 9.23528648e-01 5.05861135e-01 3.74019209e-01 4.16084415e-01 1.01279875e+00 2.35446859e-01
 3.24075870e-01 7.71314039e-01 1.36803867e+00 1.11476988e+00 5.46285671e-01 2.39013547e-01 9.34010637e-02 5.61272150e-01 5.22405282e-02
 7.63305758e-01 4.75096521e-01 1.37123055e+00 8.37137016e-01 8.77494100e-01 1.64923314e-01 1.86501547e-01 8.06759620e-01 1.15087427e-01
 -3.70753710e-02 -1.79550712e-01 7.07071485e-01 -2.75426043e-02 4.35813760e-01 1.83902042e-01 3.13098757e-02 4.88337548e-01 6.47919773e-02
 1.66090367e-01 3.55325755e-01 4.52388924e-01 2.95046873e-01 2.15317280e-01 -2.96266908e-02 1.53200260e-01 4.69711655e-01 2.01737253e-01
 4.22161701e-01 5.45873803e-01 3.05011775e-01 1.03647096e+00 -4.65202439e-02 -1.55117217e-01 1.18965583e-01 5.21734154e-01 1.89040117e-01
 5.65952791e-01 6.52656533e-01 2.50854925e-01 1.05018433e+00 -1.03300079e-01 -8.74391338e-02 2.85378679e-01 9.16195144e-01 -6.77714974e-02
 3.00093500e-01 2.12708077e-01 -1.86185595e-01 2.08976173e-01 -3.03775229e-01 -2.23114876e-01 2.15716659e-01 4.49247829e-01 -1.52583432e-01
 7.10609291e-02 7.03573452e-03 -3.75607760e-01 -1.89761109e-01 -2.45424238e-01 -2.35434040e-01 -1.71899534e-01 -1.15311715e-01 -1.47574059e-01
 -8.61932899e-02 -6.48748666e-02 -5.75514888e-01 -3.82659051e-01 -3.76463019e-01 -1.65632319e-01 -6.40307441e-02 -3.32535346e-01 2.94349934e-02
 1.89313327e-01 3.01026732e-01 -2.31397643e-02 -8.66636249e-02 -2.63285228e-01 -1.48797847e-01 -1.85435301e-02 -2.23312754e-01 -1.14580761e-02
 -5.99579456e-03 -5.72425141e-02 -2.89154746e-01 -3.22219604e-01 -1.65818997e-01 -2.07105118e-01 -2.27954799e-01 -5.33665847e-01 -1.59878962e-01
 -2.16621512e-02 -2.60367396e-01 -3.31645140e-01 -4.74749408e-01 -2.23177105e-01 -1.94507613e-01 -2.45792922e-01 -4.86103700e-01 -1.07958548e-01
 -3.62365562e-01 -4.43563915e-01 -6.27061322e-01 -7.56467663e-01 -5.15161186e-01 -3.24822626e-02 -3.15620878e-01 -7.07048027e-01 -5.42002430e-02
 -1.87344889e-01 -4.47926692e-01 -4.32480184e-01 -5.93121557e-01 -8.26786552e-02 -1.61632367e-02 -2.43137946e-01 -5.73584878e-01 6.77953598e-02
 -7.45549365e-04 -1.77183780e-01 1.64061798e-02 -1.32149340e-01 2.04013685e-01 6.27515727e-02 1.95814707e-01 4.37368209e-02 2.08640550e-01
 -4.03233096e-01 -3.22880475e-01 -1.89352734e-01 -3.12773772e-01 -1.81085049e-02 5.04427180e-02 1.37840807e-01 2.40014438e-02 -3.59558152e-02
 -4.59551351e-01 -2.14121959e-01 3.37326602e-02 -4.35005788e-01 9.63022075e-02 1.57439035e-01 -7.81975326e-02 -6.50038741e-02 -2.38191039e-01
 -3.17972864e-01 -8.90757425e-02 1.60535881e-02 -2.17621543e-01 2.48649793e-01 1.73747752e-01 -3.32857483e-01 -1.06648770e-01 4.15717965e-02
 -8.50307356e-02 4.89384530e-02 -7.91214308e-02 -3.76042804e-02 1.90233337e-01 3.01124811e-01 -9.28932422e-02 2.43925941e-01 2.09111229e-01
 -4.23062147e-01 -4.04934619e-02 -6.36482325e-01 -2.05183229e-01 -3.44254320e-01 6.21742730e-02 -2.64066627e-01 -3.79694044e-01 4.81837206e-02
 -3.62684327e-01 -1.46142872e-01 -5.32405912e-01 -2.84713839e-01 -5.95061019e-01 -9.25111242e-02 -3.77805404e-01 -6.12405631e-01 1.42957257e-03
 -3.30057804e-01 -2.26046883e-01 -3.16050689e-01 -4.41502508e-01 -3.77586832e-01 -5.69865738e-02 -3.47335401e-01 -6.56538462e-01 -8.80555357e-02
 2.47778557e-01 -1.24158488e-01 -1.93509605e-01 -4.15855815e-02 -3.72897020e-02 -2.48144942e-01 -1.13697472e-01 -5.31390843e-01 -8.46711271e-02
 4.47803523e-01 -1.95096240e-01 -3.00982033e-01 2.32534373e-01 3.11343284e-01 -2.10733859e-01 1.45982043e-01 -2.35573118e-01 -1.16789389e-01
 -3.99342289e-01 -8.86952445e-01 -7.63619474e-01 -8.53181187e-01 -1.50805728e-01 -1.50395730e-01 -1.09217199e-01 -6.71365210e-01 7.31857590e-02
 -4.59063828e-01 -8.41188418e-01 -8.26708647e-01 -7.74561332e-01 -3.66337791e-01 -1.32221098e-01 -2.38108010e-01 -5.77854712e-01 2.61747758e-03
 6.49387682e-02 -6.22672297e-02 1.07684132e-01 3.44175608e-01 1.80217217e-01 8.56683096e-02 -4.76756742e-02 1.19596428e-01 -7.18058917e-02
 3.11044012e-01 1.31149220e-01 1.17574010e+00 3.81369114e-01 7.85930616e-01 3.99069893e-01 4.69049121e-01 6.14426547e-01 -6.71215116e-02
 1.19260055e-01 2.06439719e-01 6.79445615e-01 3.55867969e-01 7.63585285e-01 1.70727237e-01 2.64709272e-01 8.32546731e-01 -8.34496021e-02
 -1.13585450e-02 1.76301455e-01 2.40864826e-01 3.26394198e-01 2.12665954e-01 3.27288859e-01 -8.06036050e-02 5.96047207e-01 -1.54924704e-02
 1.31870019e-01 -7.26676890e-02 -1.54316253e-01 -6.52044986e-02 4.70599056e-03 -3.14101346e-02 -2.85513859e-01 6.23739203e-02 -4.72072928e-02
 1.38920348e-01 1.39343217e-01 -7.52429220e-02 -1.30379872e-01 -2.13630150e-01 -1.51509093e-01 3.58212615e-02 1.46884976e-02 -3.45886038e-02
 -2.61270216e-01 -6.36412537e-02 -2.53870832e-01 -4.45778721e-01 -5.24075315e-01 -1.34757093e-01 -3.14035724e-02 -3.95977691e-01 -5.80665376e-02
 -5.51793415e-02 -1.10699070e-01 -2.42321907e-01 -7.00705333e-02 -9.54879415e-02 -1.78240132e-01 -8.61520910e-02 -2.48595554e-01 -1.17921261e-01
 1.63934016e-01 2.47690528e-01 6.68329804e-02 4.44330747e-02 5.76433874e-03 -3.15266343e-01 1.03938002e-01 -9.21585187e-03 -9.25381961e-02
 -3.86785709e-02 -7.09626957e-02 -2.99584038e-01 -3.84688734e-01 -3.81525633e-01 -3.15833334e-01 2.93393854e-02 -1.84581656e-01 -1.41691678e-03
 -1.03912867e-01 -8.28775903e-02 -3.57316291e-01 -1.90637168e-01 -2.58157149e-01 -1.41736145e-02 -2.62180714e-02 -3.53581932e-01 1.70728449e-01
 -7.93867220e-02 -1.56112069e-01 -2.70269439e-01 -9.71156245e-02 -2.65314638e-01 -8.98822598e-03 -2.45046210e-01 -3.64396605e-01 6.85359166e-03
 8.23114545e-02 -2.68952539e-01 -2.72013840e-01 -3.22740036e-01 -3.34401862e-01 -1.31654107e-01 -4.29776104e-02 -1.50109186e-01 1.04866961e-01
 -8.36244199e-02 -1.65309003e-01 -5.68586664e-02 -3.47824835e-01 -4.52085816e-01 -1.12139315e-01 -5.05899257e-02 -2.49357624e-01 3.65175969e-02
 -2.31803215e-01 -3.59401268e-02 -8.42309177e-02 -1.47094398e-01 -3.58056490e-01 -1.27066636e-01 -3.40170648e-02 -2.69989554e-01 -1.11477436e-01
 -1.53152667e-01 -5.54673151e-02 -3.95767345e-01 -9.30822803e-02 -2.20285741e-01 -1.06066381e-03 -1.84811431e-01 -1.26238457e-01 -1.03632781e-01
 1.65521335e-02 -5.05830107e-02 -5.76875662e-02 -2.42465381e-02 1.81166457e-01 8.43281496e-02 1.83576925e-01 1.66407711e-01 9.32904909e-02
 -1.16738466e-01 3.73344690e-02 2.00471425e-01 9.84712141e-02 2.94638840e-01 3.54535343e-01 3.40044229e-01 3.86937382e-01 1.79054991e-01
 -4.57476510e-02 1.82860664e-01 5.89683188e-01 1.61131169e-01 3.96600323e-01 3.13825405e-01 2.49795771e-01 3.64770104e-01 1.79682563e-01
 -1.69246859e-03 1.61628483e-01 3.66746253e-01 7.62921575e-02 2.39888415e-01 2.29013891e-01 2.57510187e-02 2.89157050e-01 6.46350842e-02
 -3.14126066e-02 -4.31111282e-02 -8.05998416e-02 1.47598043e-02 6.38534702e-02 1.24543260e-01 -1.77449629e-02 2.07402606e-01 1.29219014e-01
 -7.01519157e-02 -5.47251415e-02 -9.72273245e-02 2.49751983e-01 -1.07958993e-01 3.57937377e-02 2.54753110e-01 8.60653384e-02 8.32166294e-03
 -1.09647766e-02 3.76798641e-01 1.92343258e-01 4.64915720e-01 -3.08303214e-01 5.78239072e-02 5.12014572e-02 2.06405190e-01 -3.94298770e-02
 4.21283279e-02 4.41317595e-01 1.59137779e-01 1.58858618e-01 -2.44725947e-01 -7.53776933e-02 -6.97244241e-02 -1.51891375e-02 -6.04535543e-02
 6.67723169e-01 8.65359465e-01 7.82513739e-01 1.00044843e+00 3.79328517e-01 1.33615202e-02 -1.37952205e-03 4.53136628e-01 -5.09178053e-04
 8.44975197e-01 7.09162018e-01 6.02964143e-01 1.23075672e+00 4.22240717e-01 -8.05012283e-02 2.48530509e-01 6.46904186e-01 4.93492123e-02
 7.86097447e-01 7.08600373e-01 6.37957323e-01 1.13760815e+00 4.59937552e-01 1.33151211e-01 4.82002502e-01 8.75614905e-01 1.01740306e-01
 5.13947237e-01 5.51560458e-01 1.06365924e+00 1.04911745e+00 6.29513300e-01 2.09571261e-01 2.99286192e-01 7.30642254e-01 1.64732891e-01
 5.95616676e-01 6.84228997e-01 1.17431118e+00 1.16741153e+00 9.99215053e-01 4.60686329e-01 5.29719482e-01 8.47362273e-01 2.35626165e-01
 5.54345999e-01 2.36407484e-01 4.14197675e-01 6.06828722e-01 9.64605976e-01 1.16409520e-01 5.71006440e-01 7.39641407e-01 1.03129930e-01
 8.37177702e-02 1.33616445e-01 -1.21215933e-01 -2.65544612e-01 2.75108497e-01 -1.99053760e-02 -4.56014739e-02 2.60019071e-01 2.93677535e-02
 -3.54837086e-01 -1.21791556e-01 7.17135920e-02 -5.04839024e-01 1.03796097e-02 -1.63787466e-04 -1.32749002e-01 9.32041431e-02 -1.49725736e-01
 -5.12503824e-01 2.34738761e-02 1.28536530e-01 -8.12684848e-02 -1.40920538e-01 -7.03057030e-02 -2.39705144e-01 -1.51185049e-01 -2.01466844e-01
 -4.18702568e-01 -3.03403434e-01 -3.95445576e-02 1.66127311e-01 -7.12223089e-02 -3.21833039e-02 -1.22823953e-01 -4.77384721e-01 -1.11152443e-01
 -3.24451292e-01 -4.53372641e-01 -1.34199968e-01 -2.27735262e-01 -3.48738661e-01 1.02090425e-01 -2.40669647e-01 -6.09312523e-01 -7.47084144e-02
 -1.92623260e-01 -7.89697620e-01 -1.72446783e-02 -5.51608470e-01 -1.66899167e-01 -1.79951413e-01 -3.33707905e-01 -7.39648942e-01 -2.11832996e-01
 -7.25707787e-02 -4.65708769e-01 -4.90396839e-03 -7.38504102e-01 -9.91976156e-02 -2.99452455e-01 -9.99455235e-02 -4.34047581e-01 -6.16638726e-02
 -1.24107561e-01 -2.92003884e-02 6.70432983e-02 -7.25987724e-01 -2.08021995e-01 -1.82621425e-01 -3.79630701e-01 -4.67018324e-01 -2.38638387e-02
 -1.96054671e-01 -2.98579305e-01 -1.31039014e-01 -6.62330275e-01 -6.04751649e-02 -1.89909833e-01 -5.23569835e-01 -6.18188399e-01 -5.28442382e-02
 3.69812125e-02 -5.07681693e-01 -5.88121589e-01 -5.85167629e-01 -2.00624469e-01 -2.38310229e-01 -2.86633927e-01 -3.60115563e-01 -7.56936819e-03
 4.51659698e-02 -3.07234654e-01 -7.24772527e-01 -1.23657632e-01 -3.81591098e-01 1.73923093e-02 1.50274028e-02 -1.31606859e-02 8.09295548e-02
 -1.95670278e-01 1.47035746e-01 -7.40317492e-01 2.09288432e-01 -4.88200584e-01 -9.74800253e-02 -2.57824894e-02 -1.74473019e-01 4.06313556e-03
 -2.19902915e-02 2.96353044e-01 -5.16359897e-01 2.40271455e-01 -3.41482975e-01 -5.61824778e-02 -5.15456672e-03 -1.42735036e-01 6.41195783e-02
 1.24369669e-01 4.12659830e-02 -1.49707817e-01 3.68174268e-02 2.13667914e-02 -2.12661539e-02 1.64919492e-01 4.92730369e-02 -5.34381907e-02
 -2.38169137e-01 -3.66528304e-01 -1.75181022e-01 -5.23461799e-01 -6.26245937e-02 1.67686105e-01 9.69894303e-02 6.63747889e-02 -2.48154863e-03
 -2.86715154e-01 -1.01572341e-01 -2.38560928e-01 -3.58554398e-01 -3.40273710e-02 2.42735068e-01 2.02856617e-01 1.54819761e-01 1.37052463e-01
